date,season
2010-11-01,fall
2010-12-01,winter
2011-01-01,winter
2011-02-01,winter
2011-03-01,spring
2011-04-01,spring
2011-05-01,spring
2011-06-01,summer
2011-07-01,summer
2011-08-01,summer
2011-09-01,fall
2011-10-01,fall
2011-11-01,fall
2011-12-01,winter
2012-01-01,winter
2012-02-01,winter
2012-03-01,spring
2012-04-01,spring
2012-05-01,spring
2012-06-01,summer
2012-07-01,summer
2012-08-01,summer
2012-09-01,fall
2012-10-01,fall
2012-11-01,fall
2012-12-01,winter
2013-01-01,winter
2013-02-01,winter
2013-03-01,spring
2013-04-01,spring
2013-05-01,spring
2013-06-01,summer
2013-07-01,summer
2013-08-01,summer
2013-09-01,fall
2013-10-01,fall
2013-11-01,fall
2013-12-01,winter
2014-01-01,winter
2014-02-01,winter
2014-03-01,spring
2014-04-01,spring
2014-05-01,spring
2014-06-01,summer
2014-07-01,summer
2014-08-01,summer
2014-09-01,fall
2014-10-01,fall
2014-11-01,fall
2014-12-01,winter
2015-01-01,winter
2015-02-01,winter
2015-03-01,spring
2015-04-01,spring
2015-05-01,spring
2015-06-01,summer
2015-07-01,summer
2015-08-01,summer
2015-09-01,fall
2015-10-01,fall
2015-11-01,fall
2015-12-01,winter
2016-01-01,winter
2016-02-01,winter
2016-03-01,spring
2016-04-01,spring
2016-05-01,spring
2016-06-01,summer
2016-07-01,summer
2016-08-01,summer
2016-09-01,fall
2016-10-01,fall
2016-11-01,fall